1000,Jean Joel,Kapula,081 726 5622,1000000.0
1001,Emmanuel,Bakanyize,081 673 4566,1000.0
1002,Ermella,Kapinga,081 766 5433,1000.0
1003,Jeremy,Kilian,081 564 5788,1000.0
1004,Princess,Wiliams,082 568 9755,1000.0
1005,Dean,Winchester,081 726 5633,1000.0
1006,Sean,Trigger,081 726 5644,1000.0
1007,John,Meyer,081 726 5655,1000.0
1008,Suzaan,Le Roux,081 726 5666,1000.0
1009,Jessica,Parker,081 726 5677,1000.0
1010,Rebecca,Fisher,081 726 5688,1000.0
1011,Kennedy,Mutumbo,081 726 5699,1000.0
1012,Anne,Marie,081 726 5711,1000.0
1013,Mariah,Pons,081 726 5722,1000.0
1014,Narcissia,Mulopwe,081 726 5733,1000.0
1015,Steve,Rogers,081 726 5744,1000.0
1016,Bruce,Banner,081 726 5755,1000.0
1017,Peter,Parker,081 726 5766,1000.0
1018,Rajesh,Koutrapali,081 726 5788,1000.0
1019,Layla,McArthur,081 726 5799,1000.0
1020,Mary,Jane,081 726 5811,1000.0
1021,Lafouine,Laouni,081 726 5822,1000.0
1022,Dylan,keyter,081 726 5833,800000.0
1023,John,Cena,081 726 5844,1000.0
